7.14413e+14
6.73524e+11
3.83104e+11
1.75223e+11
1.45034e+11
7.90703e+10
5.60647e+10
4.84404e+10
3.71576e+10
3.3987e+10
2.4817e+10
2.38318e+10
1.99376e+10
1.88815e+10
1.71705e+10
1.29588e+10
1.2088e+10
9.97755e+09
9.21315e+09
7.98056e+09
7.33024e+09
5.83801e+09
5.13614e+09
4.85195e+09
4.4452e+09
3.80306e+09
3.24634e+09
3.09012e+09
2.77646e+09
2.53891e+09
2.50152e+09
2.08182e+09
1.82143e+09
1.75165e+09
1.67311e+09
1.52912e+09
1.34578e+09
1.27708e+09
1.07283e+09
1.0202e+09
9.71482e+08
8.93281e+08
8.56314e+08
7.66492e+08
7.02456e+08
6.09451e+08
5.83702e+08
5.45639e+08
5.25951e+08
4.68547e+08
4.36988e+08
4.14689e+08
3.73854e+08
3.61177e+08
3.36166e+08
3.16459e+08
2.81273e+08
2.64578e+08
2.35639e+08
2.27219e+08
2.05187e+08
1.86442e+08
1.78364e+08
1.70597e+08
1.56959e+08
1.3918e+08
1.35378e+08
1.23937e+08
1.09181e+08
1.07536e+08
1.01836e+08
9.97853e+07
9.44924e+07
9.0058e+07
8.29818e+07
7.61277e+07
6.99283e+07
6.54403e+07
6.16515e+07
5.65808e+07
5.53932e+07
4.92928e+07
4.64902e+07
4.50608e+07
4.29139e+07
4.06703e+07
3.94733e+07
3.45655e+07
3.43441e+07
3.27418e+07
2.98362e+07
2.89283e+07
2.8363e+07
2.64485e+07
2.43944e+07
2.30327e+07
2.15064e+07
2.09182e+07
1.86391e+07
1.84295e+07
1.69195e+07
1.65122e+07
1.57394e+07
1.53158e+07
1.48375e+07
1.42526e+07
1.31111e+07
1.27943e+07
1.16576e+07
1.13573e+07
1.08895e+07
1.02892e+07
9.99001e+06
9.72201e+06
9.44616e+06
8.79758e+06
8.11202e+06
7.64612e+06
7.3149e+06
7.2423e+06
6.6971e+06
6.2776e+06
6.03003e+06
5.69616e+06
5.40502e+06
4.99754e+06
4.93151e+06
4.80001e+06
4.67241e+06
4.28231e+06
4.15954e+06
3.94891e+06
3.73416e+06
3.70561e+06
3.52157e+06
3.46823e+06
3.26028e+06
3.04928e+06
2.91626e+06
2.88486e+06
2.76895e+06
2.7063e+06
2.54568e+06
2.47533e+06
2.37364e+06
2.22693e+06
2.06391e+06
1.99035e+06
1.86781e+06
1.81013e+06
1.73275e+06
1.59475e+06
1.50373e+06
1.47384e+06
1.43886e+06
1.36733e+06
1.36271e+06
1.19598e+06
1.17831e+06
1.12142e+06
1.08902e+06
1.04234e+06
993858
927630
890502
872040
842276
811923
769087
735203
692728
674080
656591
609227
571741
567739
535529
520180
513510
470175
449985
437316
409616
397087
378206
372539
365943
347637
341300
332427
302983
297740
279705
270744
268804
252975
243782
233341
222073
208961
192591
189159
183325
174073
170552
168789
159426
158663
147624
135951
130536
128542
124952
120460
113845
108216
107431
102743
98731.3
92849.8
87614.9
85088.7
83050.8
79143.5
74175
72868.3
68662.1
67289.8
64584.2
63818.7
60656.2
59098.2
57169.8
55274.1
52675
51154.8
50106.2
48222.8
46444.3
43400.1
42014
38488
36514.3
34754.3
34163.6
31065.7
30453.9
28903
28593.8
27807.9
26197.5
25490.4
24515.6
24003.5
23111.7
22631.9
21498
20342.1
19522.2
18387.1
18025.7
17574.9
16771.4
16518.5
15385.2
14204.9
13628.1
13454.5
13112.6
12778.9
12071.4
11708.7
11493.7
10806.2
10221.7
10084.2
9666.16
9051.11
8837.12
8389.87
8186.29
7707.04
7426.6
7350.7
7144.34
6802.94
6620.2
6120.21
5946.44
5835.37
5527.54
5248.06
5127.08
4807.94
4771.4
4616.06
4475.88
4341.84
4202.89
4130.75
3971.69
3757.46
3613.88
3563.91
3343.25
3338.39
3250.3
3073.19
3031.23
2859.67
2719.45
2645.07
2542.67
2441.22
2358.05
2300.45
2266.35
2091.87
2054.19
2020.82
1956.6
1853.07
1744.8
1723.73
1668.28
1598.7
1585.48
1531.4
1490.16
1464.35
1393.31
1344.35
1325.22
1293.78
1262.11
1199.09
1168.78
1151.13
1112.52
1049.66
1019.17
1014.78
985.601
938.225
935.462
904.245
869.886
846.081
831.388
804.997
784.916
762.935
759.588
735.324
716.111
699.419
673.091
653.753
647.686
616.998
612.061
602.962
589.912
576.432
564.889
548.938
536.601
524.505
508.541
485.014
478.928
466.117
463.044
443.804
433.233
425.016
408.597
401.963
400.841
380.908
374.253
371.596
358.499
354.765
350.421
335.926
328.994
314.537
307.046
301.769
296.845
289.86
287.815
281.479
274.116
269.392
257.711
252.767
248.683
242.605
237.265
230.391
225.242
221.569
216.983
214.923
206.42
199.205
196.769
193.725
189.203
183.583
181.469
175.173
172.605
167.951
161.803
160.672
156.692
152.642
148.897
147.099
143.209
141.504
138.331
134.652
130.601
127.049
125.73
122.513
120.349
118.406
114.564
111.532
107.508
107.27
102.574
99.4782
99.0245
95.3482
94.0834
93.1434
87.6002
87.1461
86.2266
84.7381
82.4157
81.1271
80.3399
79.2244
76.9932
72.484
72.0426
70.0476
68.9632
67.2712
65.278
64.5259
61.6294
59.5118
58.8168
57.8283
56.6113
55.1527
54.4131
53.6935
52.4023
50.489
49.5164
47.4918
46.557
45.1826
44.349
43.9679
41.3722
40.9946
40.2051
39.8424
38.9404
38.7881
36.9204
36.2779
35.9596
35.0768
34.2323
33.5648
32.4631
32.1099
31.4156
30.2758
29.7702
29.0207
28.8552
27.6082
26.9764
26.2583
25.5376
24.7304
24.5623
24.1367
24.02
23.6745
22.7278
22.3514
21.9267
21.5716
20.1652
20.0524
19.7395
19.5673
19.3365
18.8606
18.3839
17.9892
17.7834
17.5511
17.0469
16.9306
16.3292
16.1338
15.899
15.5381
15.4657
15.0041
14.666
14.4483
14.2237
14.1673
13.6587
13.5492
13.3507
12.7847
12.7136
12.527
12.1762
11.8634
11.6632
11.5193
11.4119
11.0716
10.971
10.7164
10.5168
10.399
10.0022
9.67542
9.50707
9.30144
9.23665
8.91493
8.69545
8.57715
8.45196
8.35823
8.16608
8.0008
7.75609
7.55201
7.40315
7.28644
7.04189
6.9345
6.83755
6.62583
6.57391
6.48285
6.44238
6.05673
5.93896
5.81484
5.75249
5.71772
5.61146
5.56299
5.38072
5.20552
5.10717
5.07792
5.01264
4.84237
4.80485
4.70259
4.61608
4.52114
4.40786
4.38998
4.26966
4.20017
4.169
4.05283
3.97776
3.88036
3.85506
3.75769
3.72644
3.5884
3.51919
3.47203
3.44512
3.18007
3.1612
3.09383
3.01425
2.93457
2.85448
2.82335
2.77421
2.6927
2.65791
2.54607
2.53687
2.48369
2.44469
2.41124
2.31913
2.26511
2.21484
2.19504
2.13278
2.06943
2.02057
2.01352
1.98252
1.93763
1.88925
1.87281
1.85839
1.80399
1.75373
1.70608
1.64169
1.62158
1.61035
1.58736
1.55228
1.49515
1.46646
1.42719
1.40221
1.35439
1.33415
1.32129
1.30216
1.26043
1.20361
1.18569
1.16314
1.14175
1.13697
1.1082
1.09243
1.05625
1.03508
1.01433
0.979369
0.952757
0.922761
0.908407
0.889129
0.872362
0.856981
0.845766
0.827088
0.818639
0.801628
0.770793
0.765866
0.752646
0.736362
0.733043
0.711628
0.688022
0.676553
0.661197
0.647322
0.63471
0.619769
0.613322
0.589226
0.567558
0.561459
0.548715
0.523221
0.51904
0.510578
0.50551
0.487994
0.483011
0.469377
0.467916
0.450709
0.437437
0.428438
0.415583
0.407879
0.400824
0.390673
0.383041
0.371084
0.360628
0.353817
0.344554
0.329392
0.323274
0.318758
0.311907
0.302618
0.294422
0.289172
0.281748
0.277394
0.272531
0.262641
0.258828
0.25249
0.248317
0.245227
0.239908
0.231085
0.22425
0.221362
0.214069
0.21248
0.207271
0.198564
0.197163
0.192559
0.186636
0.182848
0.178933
0.176995
0.168958
0.163923
0.161057
0.157109
0.15413
0.152373
0.148128
0.14426
0.140603
0.135679
0.134106
0.128615
0.125477
0.122488
0.120642
0.117904
0.117204
0.114756
0.106004
0.105123
0.102347
0.100431
0.100091
0.0978191
0.0948944
0.0917118
0.0891059
0.0868168
0.086272
0.0841365
0.0819064
0.0790146
0.0771011
0.0764265
0.074394
0.072788
0.0700351
0.0681078
0.0672266
0.0662974
0.0645331
0.0632571
0.0616859
0.059238
0.0582916
0.0558793
0.0556717
0.0541565
0.0530256
0.0524018
0.0502425
0.0484735
0.0469734
0.0460786
0.0451927
0.0431841
0.042641
0.0414408
0.0407888
0.0397207
0.0391639
0.0376404
0.036557
0.0363818
0.0359641
0.0349183
0.0343525
0.0331529
0.0323508
0.03167
0.0310944
0.0299081
0.029242
0.028431
0.0277976
0.0270893
0.0259137
0.0257184
0.0252148
0.0250552
0.0240579
0.0231303
0.0230347
0.0223397
0.0220297
0.0206157
0.020302
0.0195786
0.019367
0.0187963
0.0185105
0.0181381
0.0177234
0.0171729
0.0167842
0.0161192
0.0159036
0.0155732
0.01532
0.0149888
0.014214
0.0137723
0.0136329
0.0134487
0.0132568
0.0129916
0.0124455
0.0121647
0.0119503
0.0117946
0.0115788
0.0114128
0.0108353
0.0104141
0.0101567
0.0101041
0.00997332
0.00953828
0.00944072
0.00918815
0.00891193
0.00889904
0.00846682
0.00819136
0.00808648
0.00791905
0.0076485
0.00747577
0.00742489
0.00713186
0.00708736
0.00697781
0.00689753
0.006799
0.00652968
0.00643813
0.00637468
0.00621206
0.00611103
0.00602382
0.00581652
0.00578057
0.00572344
0.00554438
0.00543742
0.00540607
0.00536924
0.00530184
0.00521981
0.00518449
0.00511448
0.00502777
0.00501969
0.00494573
0.00487054
0.00481117
0.00477919
0.00470423
0.00469776
0.00461292
0.00455181
0.00450419
0.00446011
0.00443504
0.00440807
0.00435891
0.00431306
0.00428113
0.0042527
0.00423955
0.00418972
0.0041445
0.00412017
0.00409515
0.00407793
0.00403793
0.0040173
0.00399778
0.00397782
0.00395315
0.00393491
0.00389745
0.00388237
0.00386866
0.0038443
0.00382291
0.00381133
0.00378855
0.00376702
0.00375925
0.00374089
0.00370214
0.00369823
0.00366263
0.00363733
0.00361528
0.00359675
0.0035925
0.00355449
0.003545
0.00353634
0.00350549
0.00349498
0.00347891
0.00345527
0.00342648
0.00342255
0.0034061
0.00339081
0.00337346
0.00336961
0.0033339
0.00330963
0.00329647
0.00328502
0.00323861
0.00323271
0.00321301
0.00320507
0.00317999
0.0031627
0.00314593
0.00314012
0.00312157
0.00310525
0.00308544
0.00306975
0.00305173
0.0030364
0.00302865
0.00300602
0.00298781
0.00297053
0.00295647
0.00294795
0.0029211
0.00290928
0.00289901
0.00287887
0.00287061
0.00284757
0.00283383
0.00282368
0.00280988
0.00278916
0.00277683
0.00275526
0.00274427
0.00273238
0.0027252
0.00271408
0.00270067
0.00265836
0.0026391
0.00262262
0.00261801
0.00260786
0.00259773
0.00258821
0.00257281
0.00256957
0.00255886
0.00255458
0.0025464
0.00250689
0.00249541
0.00247525
0.00245026
0.00244706
0.00244391
0.0024294
0.00242665
0.00240546
0.00238917
0.0023771
0.0023622
0.00233899
0.00232963
0.00232565
0.00230981
0.00229627
0.00228728
0.00226449
0.00223648
0.00222784
0.00221683
0.00220447
0.00219566
0.00217276
0.00215526
0.00214232
0.00213632
0.00212368
0.00210936
0.00210184
0.00207935
0.00207224
0.00206346
0.00204713
0.00204554
0.0020365
0.00201774
0.00200558
0.00198504
0.0019756
0.00196403
0.00195226
0.00194024
0.00193061
0.00191699
0.0018896
0.00188232
0.00187036
0.00185542
0.00184528
0.00184008
0.00181584
0.00180368
0.00178607
0.00177593
0.00175696
0.00175612
0.00173266
0.00172119
0.00170922
0.00169646
0.00168326
0.00167269
0.00166572
0.00164335
0.00163244
0.00162293
0.00161781
0.00159892
0.00158593
0.00157983
0.001572
0.00155419
0.00154224
0.0015247
0.00149842
0.00149313
0.00148677
0.00147668
0.00145911
0.00143894
0.00142516
0.00140968
0.00140541
0.00139263
0.00138145
0.00137116
0.00136153
0.00133926
0.00133164
0.00131915
0.00130449
0.0012935
0.00128795
0.00127452
0.00125125
0.0012484
0.00123865
0.0012137
0.00119535
0.00118612
0.00117923
0.00117126
0.00116799
0.00115595
0.00113876
0.00112164
0.00111028
0.0011088
0.00109768
0.0010908
0.00107873
0.00104735
0.00103534
0.00101307
0.00100937
0.00100189
0.000988267
0.000978121
0.000955955
0.000951278
0.000934273
0.000928837
0.000920944
0.000906106
0.000897418
0.000875472
0.000871556
0.00086277
0.000848656
0.000831
0.000828938
0.000815117
0.000803903
0.000784884
0.000778021
0.0007662
0.000749924
0.000745754
0.000731291
0.000723629
0.000695416
0.000692813
0.000685962
0.000665248
0.000660704
0.000649215
0.000641093
0.00062946
0.000615501
0.000594661
0.000591363
0.000579549
0.000552044
0.000533909
0.000525019
0.000516654
0.000510778
0.000499244
0.000491257
0.000477804
0.000458166
0.000454181
0.000449877
0.000437773
0.000427116
0.000411851
0.000408789
0.000393104
0.000383278
0.000366272
0.000357472
0.000341127
0.000330608
0.000322954
0.000318306
0.000293977
0.000285224
0.000257183
0.000245481
0.000240516
0.000231871
0.000215859
0.000212495
0.000201474
0.000189127
0.000176373
0.000160489
0.000150471
0.000137916
0.000116777
0.000113833
0.000103385
8.91311e-05
8.44774e-05
7.72972e-05
6.25493e-05
5.57817e-05
4.34546e-05
3.20361e-05
2.04649e-05
-1.20772e-07
-6.77337e-06
-2.20793e-05
-2.77341e-05
-4.33764e-05
-6.69991e-05
-8.11698e-05
-9.34971e-05
-0.000100729
-0.000119437
-0.000125722
-0.000137139
-0.00014196
-0.000155427
-0.000156565
-0.00017251
-0.000192578
-0.000197757
-0.000214232
-0.000220687
-0.000229043
-0.000241943
-0.000252866
-0.000269245
-0.000284987
-0.000287936
-0.000302567
-0.000321873
-0.000332715
-0.000343604
-0.000369846
-0.000376829
-0.0003839
-0.000390385
-0.000406335
-0.000419827
-0.000424623
-0.000438424
-0.000442281
-0.000468519
-0.00049253
-0.000499447
-0.000504445
-0.000516084
-0.000530075
-0.000535645
-0.00054934
-0.000572049
-0.000579039
-0.000584981
-0.000593287
-0.000617006
-0.000623905
-0.000637291
-0.000648234
-0.000665402
-0.000670553
-0.000673039
-0.000679133
-0.000694716
-0.00071339
-0.00071837
-0.000735924
-0.000757934
-0.000762586
-0.000775344
-0.00077959
-0.000790267
-0.00079907
-0.000818675
-0.000831741
-0.000853216
-0.000862291
-0.000869117
-0.000873894
-0.000901524
-0.000906565
-0.000921689
-0.000931262
-0.000943084
-0.000944532
-0.000961508
-0.000978178
-0.000986367
-0.00100091
-0.00102072
-0.00102713
-0.00105215
-0.00105889
-0.00107531
-0.0010801
-0.00108985
-0.00109666
-0.00110546
-0.00112485
-0.00113138
-0.0011426
-0.00115496
-0.00117008
-0.00118279
-0.00119586
-0.00120947
-0.00121526
-0.00122557
-0.00124167
-0.00124816
-0.00126822
-0.00129305
-0.00129746
-0.0013001
-0.00131976
-0.00134377
-0.00134524
-0.00136305
-0.00137634
-0.00137924
-0.00138841
-0.00141173
-0.00142083
-0.0014327
-0.00144466
-0.00145708
-0.00146503
-0.00147247
-0.00150972
-0.00151125
-0.0015411
-0.00154506
-0.00155855
-0.00156605
-0.00157443
-0.00158018
-0.00160267
-0.00161417
-0.00162282
-0.00163812
-0.00165229
-0.00166413
-0.00167706
-0.00169121
-0.00170616
-0.00172735
-0.00173607
-0.00175316
-0.00176293
-0.00177811
-0.00178116
-0.00179211
-0.00180824
-0.0018144
-0.0018192
-0.00183089
-0.00184407
-0.00186442
-0.00188738
-0.00189221
-0.00191062
-0.00192241
-0.00192603
-0.00195733
-0.00196941
-0.00197391
-0.00197832
-0.00199404
-0.0020097
-0.00203009
-0.00203825
-0.00205209
-0.00206644
-0.00208836
-0.0021016
-0.00211297
-0.00211873
-0.00212959
-0.00213752
-0.00214867
-0.00217084
-0.00218289
-0.00219195
-0.00220687
-0.00221398
-0.00221994
-0.00223557
-0.00224528
-0.00226001
-0.00227747
-0.00229096
-0.00229482
-0.00232535
-0.00233531
-0.00235005
-0.00236059
-0.00238183
-0.00239745
-0.00240765
-0.00241583
-0.00243804
-0.00245401
-0.00246749
-0.00247027
-0.00247317
-0.00249733
-0.00251897
-0.00252979
-0.00254765
-0.00255951
-0.00256104
-0.00257577
-0.00258281
-0.00261599
-0.00262537
-0.00265985
-0.00267605
-0.00268235
-0.00269345
-0.00270378
-0.00271344
-0.00272846
-0.00275366
-0.00276384
-0.00277236
-0.00278992
-0.00279354
-0.00281043
-0.00283476
-0.00284239
-0.00286607
-0.00287793
-0.00288404
-0.00291258
-0.00293847
-0.00294664
-0.00295468
-0.00296771
-0.00297899
-0.00298977
-0.00301243
-0.0030342
-0.00305429
-0.00306361
-0.00307997
-0.00308466
-0.00310072
-0.0031231
-0.00314089
-0.00315408
-0.00318478
-0.00319724
-0.00321371
-0.00323516
-0.00324595
-0.00325748
-0.00327444
-0.00330481
-0.00334394
-0.0033542
-0.00336454
-0.00337071
-0.00339031
-0.00341339
-0.00345107
-0.00346484
-0.00347683
-0.00350072
-0.00352368
-0.00353763
-0.00355618
-0.0035613
-0.00357643
-0.00360302
-0.00362585
-0.00363218
-0.00364611
-0.0036963
-0.00370793
-0.00374112
-0.0037532
-0.0037742
-0.00379219
-0.00382728
-0.00385685
-0.00388249
-0.00390002
-0.00393018
-0.00394098
-0.00394706
-0.0039541
-0.0039847
-0.00402228
-0.0040514
-0.00407678
-0.00411593
-0.0041349
-0.00420342
-0.00424753
-0.00427294
-0.00430999
-0.00435432
-0.00449069
-0.0151921
-0.0277052
-0.0512888
-0.108546